4 2 8 6 4 2 7 7
5 2 10 10 4 3 11 11
6 2 12 9 4 3 11 11
6 2 12 10 4 3 11 12
7 2 14 10 4 3 13 13
7 2 13 14 4 4 15 15
7 2 14 14 4 4 15 15
8 2 15 14 4 4 16 16
8 2 16 13 4 4 15 16
8 2 16 14 4 4 15 16
8 2 17 12 4 4 16 16
8 2 17 13 4 4 15 16
8 2 17 14 4 4 14 17
8 2 16 18 4 5 19 19
8 2 17 18 4 5 19 19
9 2 18 13 4 4 17 17
9 2 18 14 4 4 17 17
9 2 19 11 4 4 16 16
9 2 19 12 4 4 16 17
9 2 19 13 4 4 16 17
9 2 19 14 4 4 16 18
9 2 16 18 4 5 18 19
9 2 17 17 4 5 19 19
9 2 17 18 4 5 18 19
9 2 18 17 4 5 19 19
9 2 18 18 4 5 18 20
9 2 19 17 4 5 19 20
9 2 19 18 4 5 18 20
9 2 19 22 4 6 23 23
5 2 10 7 5 2 9 9
7 2 14 12 5 3 14 14
8 2 17 11 5 3 15 15
8 2 17 12 5 3 15 15
9 2 18 17 5 4 19 19
9 2 19 17 5 4 19 19
9 2 19 14 6 3 17 17
8 3 23 22 4 6 25 25
9 3 26 26 4 7 29 29
9 3 27 26 4 7 29 29
10 3 30 26 4 7 31 31
10 3 29 30 4 8 33 33
10 3 30 30 4 8 33 33
11 3 33 28 4 8 34 34
11 3 33 29 4 8 34 34
11 3 33 30 4 8 34 35
11 3 32 34 4 9 37 37
11 3 33 34 4 9 37 37
12 3 34 34 4 9 38 38
12 3 35 33 4 9 37 38
12 3 35 34 4 9 37 38
12 3 36 32 4 9 38 38
12 3 36 33 4 9 37 38
12 3 36 34 4 9 36 39
13 3 39 33 4 9 40 40
13 3 39 34 4 9 40 40
13 3 37 38 4 10 41 42
13 3 38 37 4 10 42 42
13 3 38 38 4 10 41 42
13 3 39 37 4 10 42 42
13 3 39 38 4 10 41 43
14 3 41 38 4 10 44 44
14 3 42 35 4 10 43 43
14 3 42 36 4 10 43 43
14 3 42 37 4 10 43 44
14 3 42 38 4 10 43 44
14 3 39 42 4 11 45 45
14 3 40 42 4 11 45 46
14 3 41 41 4 11 46 46
14 3 41 42 4 11 45 46
14 3 42 41 4 11 46 46
14 3 42 42 4 11 45 47
15 3 44 40 4 11 47 47
15 3 44 41 4 11 47 47
15 3 44 42 4 11 47 48
15 3 45 39 4 11 47 47
15 3 45 40 4 11 46 47
15 3 45 41 4 11 46 48
15 3 45 42 4 11 46 48
15 3 41 46 4 12 49 49
15 3 42 46 4 12 49 49
15 3 43 46 4 12 49 50
15 3 44 45 4 12 50 50
15 3 44 46 4 12 49 50
15 3 45 45 4 12 50 50
15 3 45 46 4 12 49 51
16 3 48 42 4 11 50 50
16 3 49 39 4 11 49 49
16 3 49 40 4 11 49 49
16 3 49 41 4 11 49 50
16 3 49 42 4 11 49 50
16 3 46 45 4 12 51 51
16 3 46 46 4 12 51 51
16 3 47 44 4 12 50 51
16 3 47 45 4 12 50 51
16 3 47 46 4 12 50 52
16 3 48 43 4 12 51 51
16 3 48 44 4 12 50 51
16 3 48 45 4 12 49 52
16 3 48 46 4 12 49 52
16 3 49 43 4 12 51 51
16 3 49 44 4 12 50 52
16 3 49 45 4 12 49 52
16 3 49 46 4 12 48 53
16 3 46 50 4 13 54 54
16 3 47 50 4 13 54 54
16 3 48 50 4 13 54 55
16 3 49 49 4 13 55 55
16 3 49 50 4 13 54 55
16 3 48 55 4 14 58 58
16 3 49 55 4 14 58 58
17 3 51 44 4 12 53 53
17 3 51 45 4 12 53 53
17 3 51 46 4 12 53 54
17 3 52 41 4 12 52 52
17 3 52 42 4 12 52 52
17 3 52 43 4 12 52 53
17 3 52 44 4 12 52 53
17 3 52 45 4 12 52 54
17 3 52 46 4 12 52 54
17 3 48 50 4 13 55 55
17 3 49 49 4 13 54 55
17 3 49 50 4 13 54 55
17 3 50 48 4 13 55 55
17 3 50 49 4 13 54 55
17 3 50 50 4 13 53 56
17 3 51 48 4 13 55 55
17 3 51 49 4 13 54 56
17 3 51 50 4 13 53 56
17 3 52 48 4 13 55 56
17 3 52 49 4 13 54 56
17 3 52 50 4 13 53 57
17 3 46 55 4 14 57 57
17 3 47 55 4 14 57 57
17 3 48 55 4 14 57 58
17 3 49 54 4 14 58 58
17 3 49 55 4 14 57 58
17 3 50 54 4 14 58 58
17 3 50 55 4 14 57 59
17 3 51 54 4 14 58 59
17 3 51 55 4 14 57 59
17 3 52 53 4 14 59 59
17 3 52 54 4 14 58 59
17 3 52 55 4 14 57 60
18 3 55 46 4 12 56 56
18 3 53 49 4 13 57 57
18 3 53 50 4 13 57 57
18 3 54 46 4 13 56 56
18 3 54 47 4 13 56 56
18 3 54 48 4 13 56 57
18 3 54 49 4 13 56 57
18 3 54 50 4 13 56 58
18 3 55 46 4 13 56 56
18 3 55 47 4 13 55 57
18 3 55 48 4 13 55 57
18 3 55 49 4 13 55 58
18 3 55 50 4 13 55 58
18 3 50 55 4 14 59 59
18 3 51 53 4 14 58 58
18 3 51 54 4 14 58 59
18 3 51 55 4 14 58 59
18 3 52 53 4 14 58 59
18 3 52 54 4 14 57 59
18 3 52 55 4 14 57 60
18 3 53 52 4 14 59 59
18 3 53 53 4 14 58 59
18 3 53 54 4 14 57 60
18 3 53 55 4 14 56 60
18 3 54 52 4 14 59 59
18 3 54 53 4 14 58 60
18 3 54 54 4 14 57 60
18 3 54 55 4 14 56 61
18 3 55 52 4 14 59 60
18 3 55 53 4 14 58 60
18 3 55 54 4 14 57 61
18 3 55 55 4 14 56 61
18 3 51 59 4 15 62 62
18 3 52 59 4 15 62 62
18 3 53 59 4 15 62 63
18 3 54 58 4 15 63 63
18 3 54 59 4 15 62 63
18 3 55 58 4 15 63 63
18 3 55 59 4 15 62 64
19 3 58 48 4 13 59 59
19 3 58 49 4 13 59 59
19 3 58 50 4 13 59 60
19 3 55 54 4 14 61 61
19 3 55 55 4 14 61 61
19 3 56 51 4 14 60 60
19 3 56 52 4 14 60 60
19 3 56 53 4 14 60 61
19 3 56 54 4 14 60 61
19 3 56 55 4 14 60 62
19 3 57 50 4 14 60 60
19 3 57 51 4 14 59 60
19 3 57 52 4 14 59 61
19 3 57 53 4 14 59 61
19 3 57 54 4 14 59 62
19 3 57 55 4 14 59 62
19 3 58 50 4 14 60 60
19 3 58 51 4 14 59 61
19 3 58 52 4 14 58 61
19 3 58 53 4 14 58 62
19 3 58 54 4 14 58 62
19 3 58 55 4 14 58 63
19 3 53 58 4 15 62 62
19 3 53 59 4 15 62 63
19 3 54 58 4 15 62 63
19 3 54 59 4 15 61 63
19 3 55 57 4 15 63 63
19 3 55 58 4 15 62 63
19 3 55 59 4 15 61 64
19 3 56 57 4 15 63 63
19 3 56 58 4 15 62 64
19 3 56 59 4 15 61 64
19 3 57 57 4 15 63 64
19 3 57 58 4 15 62 64
19 3 57 59 4 15 61 65
19 3 58 56 4 15 64 64
19 3 58 57 4 15 63 64
19 3 58 58 4 15 62 65
19 3 58 59 4 15 61 65
19 3 54 63 4 16 66 66
19 3 55 63 4 16 66 66
19 3 56 63 4 16 66 67
19 3 57 62 4 16 67 67
19 3 57 63 4 16 66 67
19 3 58 62 4 16 67 67
19 3 58 63 4 16 66 68
20 3 60 53 4 14 63 63
20 3 60 54 4 14 63 63
20 3 60 55 4 14 63 64
20 3 61 50 4 14 62 62
20 3 61 51 4 14 62 62
20 3 61 52 4 14 62 63
20 3 61 53 4 14 62 63
20 3 61 54 4 14 62 64
20 3 61 55 4 14 62 64
20 3 57 59 4 15 65 65
20 3 58 56 4 15 64 64
20 3 58 57 4 15 64 64
20 3 58 58 4 15 64 65
20 3 58 59 4 15 64 65
20 3 59 55 4 15 64 64
20 3 59 56 4 15 63 64
20 3 59 57 4 15 63 65
20 3 59 58 4 15 63 65
20 3 59 59 4 15 63 66
20 3 60 55 4 15 64 64
20 3 60 56 4 15 63 65
20 3 60 57 4 15 62 65
20 3 60 58 4 15 62 66
20 3 60 59 4 15 62 66
20 3 61 55 4 15 64 65
20 3 61 56 4 15 63 65
20 3 61 57 4 15 62 66
20 3 61 58 4 15 61 66
20 3 61 59 4 15 61 67
20 3 55 62 4 16 66 66
20 3 55 63 4 16 66 66
20 3 56 62 4 16 66 66
20 3 56 63 4 16 65 67
20 3 57 62 4 16 66 67
20 3 57 63 4 16 65 67
20 3 58 61 4 16 67 67
20 3 58 62 4 16 66 67
20 3 58 63 4 16 65 68
20 3 59 61 4 16 67 67
20 3 59 62 4 16 66 68
20 3 59 63 4 16 65 68
20 3 60 61 4 16 67 68
20 3 60 62 4 16 66 68
20 3 60 63 4 16 65 69
20 3 61 60 4 16 68 68
20 3 61 61 4 16 67 68
20 3 61 62 4 16 66 69
20 3 61 63 4 16 65 69
20 3 57 67 4 17 70 70
20 3 58 67 4 17 70 70
20 3 59 67 4 17 70 71
20 3 60 66 4 17 71 71
20 3 60 67 4 17 70 71
20 3 61 66 4 17 71 71
20 3 61 67 4 17 70 72
21 3 64 55 4 14 66 66
21 3 62 58 4 15 67 67
21 3 62 59 4 15 67 67
21 3 63 55 4 15 66 66
21 3 63 56 4 15 66 66
21 3 63 57 4 15 66 67
21 3 63 58 4 15 66 67
21 3 63 59 4 15 66 68
21 3 64 53 4 15 65 65
21 3 64 54 4 15 65 66
21 3 64 55 4 15 65 66
21 3 64 56 4 15 65 67
21 3 64 57 4 15 65 67
21 3 64 58 4 15 65 68
21 3 64 59 4 15 65 68
21 3 60 61 4 16 68 68
21 3 60 62 4 16 68 68
21 3 60 63 4 16 68 69
21 3 61 60 4 16 67 68
21 3 61 61 4 16 67 68
21 3 61 62 4 16 67 69
21 3 61 63 4 16 67 69
21 3 62 59 4 16 68 68
21 3 62 60 4 16 67 68
21 3 62 61 4 16 66 69
21 3 62 62 4 16 66 69
21 3 62 63 4 16 66 70
21 3 63 59 4 16 68 68
21 3 63 60 4 16 67 69
21 3 63 61 4 16 66 69
21 3 63 62 4 16 65 70
21 3 63 63 4 16 65 70
21 3 64 59 4 16 68 69
21 3 64 60 4 16 67 69
21 3 64 61 4 16 66 70
21 3 64 62 4 16 65 70
21 3 64 63 4 16 64 71
21 3 57 67 4 17 70 70
21 3 58 66 4 17 70 70
21 3 58 67 4 17 69 70
21 3 59 66 4 17 70 70
21 3 59 67 4 17 69 71
21 3 60 66 4 17 70 71
21 3 60 67 4 17 69 71
21 3 61 65 4 17 71 71
21 3 61 66 4 17 70 71
21 3 61 67 4 17 69 72
21 3 62 65 4 17 71 71
21 3 62 66 4 17 70 72
21 3 62 67 4 17 69 72
21 3 63 65 4 17 71 72
21 3 63 66 4 17 70 72
21 3 63 67 4 17 69 73
21 3 64 64 4 17 72 72
21 3 64 65 4 17 71 72
21 3 64 66 4 17 70 73
21 3 64 67 4 17 69 73
21 3 62 71 4 18 75 75
21 3 63 71 4 18 75 75
21 3 64 71 4 18 75 76
22 3 67 57 4 15 69 69
22 3 67 58 4 15 69 69
22 3 67 59 4 15 69 70
22 3 68 54 4 15 68 68
22 3 68 55 4 15 68 68
22 3 68 56 4 15 68 69
22 3 68 57 4 15 68 69
22 3 68 58 4 15 68 70
22 3 68 59 4 15 68 70
22 3 64 63 4 16 71 71
22 3 65 60 4 16 70 70
22 3 65 61 4 16 70 70
22 3 65 62 4 16 70 71
22 3 65 63 4 16 70 71
22 3 66 57 4 16 69 69
22 3 66 58 4 16 69 69
22 3 66 59 4 16 69 70
22 3 66 60 4 16 69 70
22 3 66 61 4 16 69 71
22 3 66 62 4 16 69 71
22 3 66 63 4 16 69 72
22 3 67 57 4 16 69 69
22 3 67 58 4 16 68 70
22 3 67 59 4 16 68 70
22 3 67 60 4 16 68 71
22 3 67 61 4 16 68 71
22 3 67 62 4 16 68 72
22 3 67 63 4 16 68 72
22 3 68 57 4 16 69 70
22 3 68 58 4 16 68 70
22 3 68 59 4 16 67 71
22 3 68 60 4 16 67 71
22 3 68 61 4 16 67 72
22 3 68 62 4 16 67 72
22 3 68 63 4 16 67 73
22 3 62 66 4 17 72 72
22 3 62 67 4 17 72 72
22 3 63 64 4 17 71 71
22 3 63 65 4 17 71 72
22 3 63 66 4 17 71 72
22 3 63 67 4 17 71 73
22 3 64 64 4 17 71 72
22 3 64 65 4 17 70 72
22 3 64 66 4 17 70 73
22 3 64 67 4 17 70 73
22 3 65 63 4 17 72 72
22 3 65 64 4 17 71 72
22 3 65 65 4 17 70 73
22 3 65 66 4 17 69 73
22 3 65 67 4 17 69 74
22 3 66 63 4 17 72 72
22 3 66 64 4 17 71 73
22 3 66 65 4 17 70 73
22 3 66 66 4 17 69 74
22 3 66 67 4 17 68 74
22 3 67 63 4 17 72 73
22 3 67 64 4 17 71 73
22 3 67 65 4 17 70 74
22 3 67 66 4 17 69 74
22 3 67 67 4 17 68 75
22 3 68 62 4 17 73 73
22 3 68 63 4 17 72 73
22 3 68 64 4 17 71 74
22 3 68 65 4 17 70 74
22 3 68 66 4 17 69 75
22 3 68 67 4 17 68 75
22 3 60 71 4 18 74 74
22 3 61 71 4 18 74 74
22 3 62 71 4 18 74 75
22 3 63 70 4 18 75 75
22 3 63 71 4 18 74 75
22 3 64 70 4 18 75 75
22 3 64 71 4 18 74 76
22 3 65 70 4 18 75 76
22 3 65 71 4 18 74 76
22 3 66 69 4 18 76 76
22 3 66 70 4 18 75 76
22 3 66 71 4 18 74 77
22 3 67 69 4 18 76 76
22 3 67 70 4 18 75 77
22 3 67 71 4 18 74 77
22 3 68 69 4 18 76 77
22 3 68 70 4 18 75 77
22 3 68 71 4 18 74 78
22 3 65 75 4 19 79 79
22 3 66 75 4 19 79 79
22 3 67 75 4 19 79 80
22 3 68 74 4 19 80 80
22 3 68 75 4 19 79 80
23 3 71 57 4 15 71 71
23 3 71 58 4 15 71 71
23 3 71 59 4 15 71 72
23 3 68 63 4 16 73 73
23 3 69 60 4 16 72 72
23 3 69 61 4 16 72 72
23 3 69 62 4 16 72 73
23 3 69 63 4 16 72 73
23 3 70 57 4 16 71 71
23 3 70 58 4 16 71 71
23 3 70 59 4 16 71 72
23 3 70 60 4 16 71 72
23 3 70 61 4 16 71 73
23 3 70 62 4 16 71 73
23 3 70 63 4 16 71 74
23 3 71 55 4 16 70 70
23 3 71 56 4 16 70 71
23 3 71 57 4 16 70 71
23 3 71 58 4 16 70 72
23 3 71 59 4 16 70 72
23 3 71 60 4 16 70 73
23 3 71 61 4 16 70 73
23 3 71 62 4 16 70 74
23 3 71 63 4 16 70 74
23 3 66 66 4 17 74 74
23 3 66 67 4 17 74 74
23 3 67 63 4 17 73 73
23 3 67 64 4 17 73 73
23 3 67 65 4 17 73 74
23 3 67 66 4 17 73 74
23 3 67 67 4 17 73 75
23 3 68 62 4 17 72 73
23 3 68 63 4 17 72 73
23 3 68 64 4 17 72 74
23 3 68 65 4 17 72 74
23 3 68 66 4 17 72 75
23 3 68 67 4 17 72 75
23 3 69 61 4 17 73 73
23 3 69 62 4 17 72 73
23 3 69 63 4 17 71 74
23 3 69 64 4 17 71 74
23 3 69 65 4 17 71 75
23 3 69 66 4 17 71 75
23 3 69 67 4 17 71 76
23 3 70 61 4 17 73 73
23 3 70 62 4 17 72 74
23 3 70 63 4 17 71 74
23 3 70 64 4 17 70 75
23 3 70 65 4 17 70 75
23 3 70 66 4 17 70 76
23 3 70 67 4 17 70 76
23 3 71 61 4 17 73 74
23 3 71 62 4 17 72 74
23 3 71 63 4 17 71 75
23 3 71 64 4 17 70 75
23 3 71 65 4 17 69 76
23 3 71 66 4 17 69 76
23 3 71 67 4 17 69 77
23 3 64 69 4 18 75 75
23 3 64 70 4 18 75 75
23 3 64 71 4 18 75 76
23 3 65 69 4 18 75 75
23 3 65 70 4 18 74 76
23 3 65 71 4 18 74 76
23 3 66 69 4 18 75 76
23 3 66 70 4 18 74 76
23 3 66 71 4 18 73 77
23 3 67 68 4 18 76 76
23 3 67 69 4 18 75 76
23 3 67 70 4 18 74 77
23 3 67 71 4 18 73 77
23 3 68 68 4 18 76 76
23 3 68 69 4 18 75 77
23 3 68 70 4 18 74 77
23 3 68 71 4 18 73 78
23 3 69 68 4 18 76 77
23 3 69 69 4 18 75 77
23 3 69 70 4 18 74 78
23 3 69 71 4 18 73 78
23 3 70 67 4 18 77 77
23 3 70 68 4 18 76 77
23 3 70 69 4 18 75 78
23 3 70 70 4 18 74 78
23 3 70 71 4 18 73 79
23 3 71 67 4 18 77 77
23 3 71 68 4 18 76 78
23 3 71 69 4 18 75 78
23 3 71 70 4 18 74 79
23 3 71 71 4 18 73 79
23 3 63 75 4 19 78 78
23 3 64 75 4 19 78 78
23 3 65 75 4 19 78 79
23 3 66 74 4 19 79 79
23 3 66 75 4 19 78 79
23 3 67 74 4 19 79 79
23 3 67 75 4 19 78 80
23 3 68 74 4 19 79 80
23 3 68 75 4 19 78 80
23 3 69 73 4 19 80 80
23 3 69 74 4 19 79 80
23 3 69 75 4 19 78 81
23 3 70 73 4 19 80 80
23 3 70 74 4 19 79 81
23 3 70 75 4 19 78 81
23 3 71 73 4 19 80 81
23 3 71 74 4 19 79 81
23 3 71 75 4 19 78 82
23 3 68 79 4 20 83 83
23 3 69 79 4 20 83 83
23 3 70 79 4 20 83 84
23 3 71 78 4 20 84 84
23 3 71 79 4 20 83 84
24 3 73 62 4 16 75 75
24 3 73 63 4 16 75 75
24 3 74 59 4 16 74 74
24 3 74 60 4 16 74 74
24 3 74 61 4 16 74 75
24 3 74 62 4 16 74 75
24 3 74 63 4 16 74 76
24 3 71 65 4 17 76 76
24 3 71 66 4 17 76 76
24 3 71 67 4 17 76 77
24 3 72 62 4 17 75 75
24 3 72 63 4 17 75 75
24 3 72 64 4 17 75 76
24 3 72 65 4 17 75 76
24 3 72 66 4 17 75 77
24 3 72 67 4 17 75 77
24 3 73 59 4 17 74 74
24 3 73 60 4 17 74 74
24 3 73 61 4 17 74 75
24 3 73 62 4 17 74 75
24 3 73 63 4 17 74 76
24 3 73 64 4 17 74 76
24 3 73 65 4 17 74 77
24 3 73 66 4 17 74 77
24 3 73 67 4 17 74 78
24 3 74 59 4 17 74 74
24 3 74 60 4 17 73 75
24 3 74 61 4 17 73 75
24 3 74 62 4 17 73 76
24 3 74 63 4 17 73 76
24 3 74 64 4 17 73 77
24 3 74 65 4 17 73 77
24 3 74 66 4 17 73 78
24 3 74 67 4 17 73 78
24 3 68 71 4 18 78 78
24 3 69 68 4 18 77 77
24 3 69 69 4 18 77 77
24 3 69 70 4 18 77 78
24 3 69 71 4 18 77 78
24 3 70 67 4 18 76 77
24 3 70 68 4 18 76 77
24 3 70 69 4 18 76 78
24 3 70 70 4 18 76 78
24 3 70 71 4 18 76 79
24 3 71 66 4 18 77 77
24 3 71 67 4 18 76 77
24 3 71 68 4 18 75 78
24 3 71 69 4 18 75 78
24 3 71 70 4 18 75 79
24 3 71 71 4 18 75 79
24 3 72 66 4 18 77 77
24 3 72 67 4 18 76 78
24 3 72 68 4 18 75 78
24 3 72 69 4 18 74 79
24 3 72 70 4 18 74 79
24 3 72 71 4 18 74 80
24 3 73 66 4 18 77 78
24 3 73 67 4 18 76 78
24 3 73 68 4 18 75 79
24 3 73 69 4 18 74 79
24 3 73 70 4 18 73 80
24 3 73 71 4 18 73 80
24 3 74 65 4 18 78 78
24 3 74 66 4 18 77 78
24 3 74 67 4 18 76 79
24 3 74 68 4 18 75 79
24 3 74 69 4 18 74 80
24 3 74 70 4 18 73 80
24 3 74 71 4 18 72 81
24 3 66 74 4 19 79 79
24 3 66 75 4 19 79 79
24 3 67 73 4 19 79 79
24 3 67 74 4 19 78 79
24 3 67 75 4 19 78 80
24 3 68 73 4 19 79 79
24 3 68 74 4 19 78 80
24 3 68 75 4 19 77 80
24 3 69 73 4 19 79 80
24 3 69 74 4 19 78 80
24 3 69 75 4 19 77 81
24 3 70 72 4 19 80 80
24 3 70 73 4 19 79 80
24 3 70 74 4 19 78 81
24 3 70 75 4 19 77 81
24 3 71 72 4 19 80 80
24 3 71 73 4 19 79 81
24 3 71 74 4 19 78 81
24 3 71 75 4 19 77 82
24 3 72 72 4 19 80 81
24 3 72 73 4 19 79 81
24 3 72 74 4 19 78 82
24 3 72 75 4 19 77 82
24 3 73 71 4 19 81 81
24 3 73 72 4 19 80 81
24 3 73 73 4 19 79 82
24 3 73 74 4 19 78 82
24 3 73 75 4 19 77 83
24 3 74 71 4 19 81 81
24 3 74 72 4 19 80 82
24 3 74 73 4 19 79 82
24 3 74 74 4 19 78 83
24 3 74 75 4 19 77 83
24 3 66 79 4 20 82 82
24 3 67 79 4 20 82 82
24 3 68 79 4 20 82 83
24 3 69 78 4 20 83 83
24 3 69 79 4 20 82 83
24 3 70 78 4 20 83 83
24 3 70 79 4 20 82 84
24 3 71 78 4 20 83 84
24 3 71 79 4 20 82 84
24 3 72 77 4 20 84 84
24 3 72 78 4 20 83 84
24 3 72 79 4 20 82 85
24 3 73 77 4 20 84 84
24 3 73 78 4 20 83 85
24 3 73 79 4 20 82 85
24 3 74 77 4 20 84 85
24 3 74 78 4 20 83 85
24 3 74 79 4 20 82 86
24 3 73 83 4 21 88 88
24 3 74 83 4 21 88 88
25 3 75 67 4 17 79 79
25 3 76 64 4 17 78 78
25 3 76 65 4 17 78 78
25 3 76 66 4 17 78 79
25 3 76 67 4 17 78 79
25 3 77 61 4 17 77 77
25 3 77 62 4 17 77 77
25 3 77 63 4 17 77 78
25 3 77 64 4 17 77 78
25 3 77 65 4 17 77 79
25 3 77 66 4 17 77 79
25 3 77 67 4 17 77 80
25 3 73 70 4 18 80 80
25 3 73 71 4 18 80 80
25 3 74 67 4 18 79 79
25 3 74 68 4 18 79 79
25 3 74 69 4 18 79 80
25 3 74 70 4 18 79 80
25 3 74 71 4 18 79 81
25 3 75 64 4 18 78 78
25 3 75 65 4 18 78 78
25 3 75 66 4 18 78 79
25 3 75 67 4 18 78 79
25 3 75 68 4 18 78 80
25 3 75 69 4 18 78 80
25 3 75 70 4 18 78 81
25 3 75 71 4 18 78 81
25 3 76 64 4 18 78 78
25 3 76 65 4 18 77 79
25 3 76 66 4 18 77 79
25 3 76 67 4 18 77 80
25 3 76 68 4 18 77 80
25 3 76 69 4 18 77 81
25 3 76 70 4 18 77 81
25 3 76 71 4 18 77 82
25 3 77 64 4 18 78 79
25 3 77 65 4 18 77 79
25 3 77 66 4 18 76 80
25 3 77 67 4 18 76 80
25 3 77 68 4 18 76 81
25 3 77 69 4 18 76 81
25 3 77 70 4 18 76 82
25 3 77 71 4 18 76 82
25 3 71 73 4 19 81 81
25 3 71 74 4 19 81 81
25 3 71 75 4 19 81 82
25 3 72 71 4 19 80 80
25 3 72 72 4 19 80 81
25 3 72 73 4 19 80 81
25 3 72 74 4 19 80 82
25 3 72 75 4 19 80 82
25 3 73 71 4 19 80 81
25 3 73 72 4 19 79 81
25 3 73 73 4 19 79 82
25 3 73 74 4 19 79 82
25 3 73 75 4 19 79 83
25 3 74 70 4 19 81 81
25 3 74 71 4 19 80 81
25 3 74 72 4 19 79 82
25 3 74 73 4 19 78 82
25 3 74 74 4 19 78 83
25 3 74 75 4 19 78 83
25 3 75 70 4 19 81 81
25 3 75 71 4 19 80 82
25 3 75 72 4 19 79 82
25 3 75 73 4 19 78 83
25 3 75 74 4 19 77 83
25 3 75 75 4 19 77 84
25 3 76 70 4 19 81 82
25 3 76 71 4 19 80 82
25 3 76 72 4 19 79 83
25 3 76 73 4 19 78 83
25 3 76 74 4 19 77 84
25 3 76 75 4 19 76 84
25 3 77 69 4 19 82 82
25 3 77 70 4 19 81 82
25 3 77 71 4 19 80 83
25 3 77 72 4 19 79 83
25 3 77 73 4 19 78 84
25 3 77 74 4 19 77 84
25 3 77 75 4 19 76 85
25 3 68 79 4 20 83 83
25 3 69 78 4 20 82 83
25 3 69 79 4 20 82 83
25 3 70 77 4 20 83 83
25 3 70 78 4 20 82 83
25 3 70 79 4 20 81 84
25 3 71 77 4 20 83 83
25 3 71 78 4 20 82 84
25 3 71 79 4 20 81 84
25 3 72 77 4 20 83 84
25 3 72 78 4 20 82 84
25 3 72 79 4 20 81 85
25 3 73 76 4 20 84 84
25 3 73 77 4 20 83 84
25 3 73 78 4 20 82 85
25 3 73 79 4 20 81 85
25 3 74 76 4 20 84 84
25 3 74 77 4 20 83 85
25 3 74 78 4 20 82 85
25 3 74 79 4 20 81 86
25 3 75 76 4 20 84 85
25 3 75 77 4 20 83 85
25 3 75 78 4 20 82 86
25 3 75 79 4 20 81 86
25 3 76 75 4 20 85 85
25 3 76 76 4 20 84 85
25 3 76 77 4 20 83 86
25 3 76 78 4 20 82 86
25 3 76 79 4 20 81 87
25 3 77 75 4 20 85 85
25 3 77 76 4 20 84 86
25 3 77 77 4 20 83 86
25 3 77 78 4 20 82 87
25 3 77 79 4 20 81 87
25 3 71 83 4 21 87 87
25 3 72 83 4 21 87 87
25 3 73 83 4 21 87 88
25 3 74 82 4 21 88 88
25 3 74 83 4 21 87 88
25 3 75 82 4 21 88 88
25 3 75 83 4 21 87 89
25 3 76 82 4 21 88 89
25 3 76 83 4 21 87 89
25 3 77 81 4 21 89 89
25 3 77 82 4 21 88 89
25 3 77 83 4 21 87 90
25 3 76 87 4 22 92 92
25 3 77 87 4 22 92 92
26 3 80 66 4 17 81 81
26 3 80 67 4 17 81 81
26 3 78 69 4 18 82 82
26 3 78 70 4 18 82 82
26 3 78 71 4 18 82 83
26 3 79 66 4 18 81 81
26 3 79 67 4 18 81 81
26 3 79 68 4 18 81 82
26 3 79 69 4 18 81 82
26 3 79 70 4 18 81 83
26 3 79 71 4 18 81 83
26 3 80 63 4 18 80 80
26 3 80 64 4 18 80 80
26 3 80 65 4 18 80 81
26 3 80 66 4 18 80 81
26 3 80 67 4 18 80 82
26 3 80 68 4 18 80 82
26 3 80 69 4 18 80 83
26 3 80 70 4 18 80 83
26 3 80 71 4 18 80 84
26 3 75 75 4 19 84 84
26 3 76 72 4 19 83 83
26 3 76 73 4 19 83 83
26 3 76 74 4 19 83 84
26 3 76 75 4 19 83 84
26 3 77 69 4 19 82 82
26 3 77 70 4 19 82 82
26 3 77 71 4 19 82 83
26 3 77 72 4 19 82 83
26 3 77 73 4 19 82 84
26 3 77 74 4 19 82 84
26 3 77 75 4 19 82 85
26 3 78 68 4 19 82 82
26 3 78 69 4 19 81 82
26 3 78 70 4 19 81 83
26 3 78 71 4 19 81 83
26 3 78 72 4 19 81 84
26 3 78 73 4 19 81 84
26 3 78 74 4 19 81 85
26 3 78 75 4 19 81 85
26 3 79 68 4 19 82 82
26 3 79 69 4 19 81 83
26 3 79 70 4 19 80 83
26 3 79 71 4 19 80 84
26 3 79 72 4 19 80 84
26 3 79 73 4 19 80 85
26 3 79 74 4 19 80 85
26 3 79 75 4 19 80 86
26 3 80 68 4 19 82 83
26 3 80 69 4 19 81 83
26 3 80 70 4 19 80 84
26 3 80 71 4 19 79 84
26 3 80 72 4 19 79 85
26 3 80 73 4 19 79 85
26 3 80 74 4 19 79 86
26 3 80 75 4 19 79 86
26 3 73 78 4 20 85 85
26 3 73 79 4 20 85 85
26 3 74 75 4 20 84 84
26 3 74 76 4 20 84 84
26 3 74 77 4 20 84 85
26 3 74 78 4 20 84 85
26 3 74 79 4 20 84 86
26 3 75 75 4 20 84 84
26 3 75 76 4 20 83 85
26 3 75 77 4 20 83 85
26 3 75 78 4 20 83 86
26 3 75 79 4 20 83 86
26 3 76 75 4 20 84 85
26 3 76 76 4 20 83 85
26 3 76 77 4 20 82 86
26 3 76 78 4 20 82 86
26 3 76 79 4 20 82 87
26 3 77 74 4 20 85 85
26 3 77 75 4 20 84 85
26 3 77 76 4 20 83 86
26 3 77 77 4 20 82 86
26 3 77 78 4 20 81 87
26 3 77 79 4 20 81 87
26 3 78 74 4 20 85 85
26 3 78 75 4 20 84 86
26 3 78 76 4 20 83 86
26 3 78 77 4 20 82 87
26 3 78 78 4 20 81 87
26 3 78 79 4 20 80 88
26 3 79 74 4 20 85 86
26 3 79 75 4 20 84 86
26 3 79 76 4 20 83 87
26 3 79 77 4 20 82 87
26 3 79 78 4 20 81 88
26 3 79 79 4 20 80 88
26 3 80 73 4 20 86 86
26 3 80 74 4 20 85 86
26 3 80 75 4 20 84 87
26 3 80 76 4 20 83 87
26 3 80 77 4 20 82 88
26 3 80 78 4 20 81 88
26 3 80 79 4 20 80 89
26 3 71 83 4 21 86 87
26 3 72 82 4 21 87 87
26 3 72 83 4 21 86 87
26 3 73 82 4 21 87 87
26 3 73 83 4 21 86 88
26 3 74 82 4 21 87 88
26 3 74 83 4 21 86 88
26 3 75 81 4 21 88 88
26 3 75 82 4 21 87 88
26 3 75 83 4 21 86 89
26 3 76 81 4 21 88 88
26 3 76 82 4 21 87 89
26 3 76 83 4 21 86 89
26 3 77 81 4 21 88 89
26 3 77 82 4 21 87 89
26 3 77 83 4 21 86 90
26 3 78 80 4 21 89 89
26 3 78 81 4 21 88 89
26 3 78 82 4 21 87 90
26 3 78 83 4 21 86 90
26 3 79 80 4 21 89 89
26 3 79 81 4 21 88 90
26 3 79 82 4 21 87 90
26 3 79 83 4 21 86 91
26 3 80 80 4 21 89 90
26 3 80 81 4 21 88 90
26 3 80 82 4 21 87 91
26 3 80 83 4 21 86 91
26 3 74 87 4 22 91 91
26 3 75 87 4 22 91 91
26 3 76 87 4 22 91 92
26 3 77 86 4 22 92 92
26 3 77 87 4 22 91 92
26 3 78 86 4 22 92 92
26 3 78 87 4 22 91 93
26 3 79 86 4 22 92 93
26 3 79 87 4 22 91 93
26 3 80 85 4 22 93 93
26 3 80 86 4 22 92 93
26 3 80 87 4 22 91 94
27 3 82 71 4 18 85 85
27 3 83 68 4 18 84 84
27 3 83 69 4 18 84 84
27 3 83 70 4 18 84 85
27 3 83 71 4 18 84 85
27 3 80 74 4 19 86 86
27 3 80 75 4 19 86 86
27 3 81 71 4 19 85 85
27 3 81 72 4 19 85 85
27 3 81 73 4 19 85 86
27 3 81 74 4 19 85 86
27 3 81 75 4 19 85 87
27 3 82 68 4 19 84 84
27 3 82 69 4 19 84 84
27 3 82 70 4 19 84 85
27 3 82 71 4 19 84 85
27 3 82 72 4 19 84 86
27 3 82 73 4 19 84 86
27 3 82 74 4 19 84 87
27 3 82 75 4 19 84 87
27 3 83 66 4 19 83 83
27 3 83 67 4 19 83 84
27 3 83 68 4 19 83 84
27 3 83 69 4 19 83 85
27 3 83 70 4 19 83 85
27 3 83 71 4 19 83 86
27 3 83 72 4 19 83 86
27 3 83 73 4 19 83 87
27 3 83 74 4 19 83 87
27 3 83 75 4 19 83 88
27 3 78 77 4 20 87 87
27 3 78 78 4 20 87 87
27 3 78 79 4 20 87 88
27 3 79 74 4 20 86 86
27 3 79 75 4 20 86 86
27 3 79 76 4 20 86 87
27 3 79 77 4 20 86 87
27 3 79 78 4 20 86 88
27 3 79 79 4 20 86 88
27 3 80 73 4 20 85 86
27 3 80 74 4 20 85 86
27 3 80 75 4 20 85 87
27 3 80 76 4 20 85 87
27 3 80 77 4 20 85 88
27 3 80 78 4 20 85 88
27 3 80 79 4 20 85 89
27 3 81 72 4 20 86 86
27 3 81 73 4 20 85 86
27 3 81 74 4 20 84 87
27 3 81 75 4 20 84 87
27 3 81 76 4 20 84 88
27 3 81 77 4 20 84 88
27 3 81 78 4 20 84 89
27 3 81 79 4 20 84 89
27 3 82 72 4 20 86 86
27 3 82 73 4 20 85 87
27 3 82 74 4 20 84 87
27 3 82 75 4 20 83 88
27 3 82 76 4 20 83 88
27 3 82 77 4 20 83 89
27 3 82 78 4 20 83 89
27 3 82 79 4 20 83 90
27 3 83 72 4 20 86 87
27 3 83 73 4 20 85 87
27 3 83 74 4 20 84 88
27 3 83 75 4 20 83 88
27 3 83 76 4 20 82 89
27 3 83 77 4 20 82 89
27 3 83 78 4 20 82 90
27 3 83 79 4 20 82 90
27 3 75 83 4 21 89 89
27 3 76 80 4 21 88 88
27 3 76 81 4 21 88 88
27 3 76 82 4 21 88 89
27 3 76 83 4 21 88 89
27 3 77 80 4 21 88 88
27 3 77 81 4 21 87 89
27 3 77 82 4 21 87 89
27 3 77 83 4 21 87 90
27 3 78 80 4 21 88 89
27 3 78 81 4 21 87 89
27 3 78 82 4 21 86 90
27 3 78 83 4 21 86 90
27 3 79 79 4 21 89 89
27 3 79 80 4 21 88 89
27 3 79 81 4 21 87 90
27 3 79 82 4 21 86 90
27 3 79 83 4 21 85 91
27 3 80 79 4 21 89 89
27 3 80 80 4 21 88 90
27 3 80 81 4 21 87 90
27 3 80 82 4 21 86 91
27 3 80 83 4 21 85 91
27 3 81 79 4 21 89 90
27 3 81 80 4 21 88 90
27 3 81 81 4 21 87 91
27 3 81 82 4 21 86 91
27 3 81 83 4 21 85 92
27 3 82 78 4 21 90 90
27 3 82 79 4 21 89 90
27 3 82 80 4 21 88 91
27 3 82 81 4 21 87 91
27 3 82 82 4 21 86 92
27 3 82 83 4 21 85 92
27 3 83 78 4 21 90 90
27 3 83 79 4 21 89 91
27 3 83 80 4 21 88 91
27 3 83 81 4 21 87 92
27 3 83 82 4 21 86 92
27 3 83 83 4 21 85 93
27 3 73 87 4 22 90 90
27 3 74 87 4 22 90 91
27 3 75 86 4 22 91 91
27 3 75 87 4 22 90 91
27 3 76 86 4 22 91 91
27 3 76 87 4 22 90 92
27 3 77 86 4 22 91 92
27 3 77 87 4 22 90 92
27 3 78 85 4 22 92 92
27 3 78 86 4 22 91 92
27 3 78 87 4 22 90 93
27 3 79 85 4 22 92 92
27 3 79 86 4 22 91 93
27 3 79 87 4 22 90 93
27 3 80 85 4 22 92 93
27 3 80 86 4 22 91 93
27 3 80 87 4 22 90 94
27 3 81 84 4 22 93 93
27 3 81 85 4 22 92 93
27 3 81 86 4 22 91 94
27 3 81 87 4 22 90 94
27 3 82 84 4 22 93 93
27 3 82 85 4 22 92 94
27 3 82 86 4 22 91 94
27 3 82 87 4 22 90 95
27 3 83 84 4 22 93 94
27 3 83 85 4 22 92 94
27 3 83 86 4 22 91 95
27 3 83 87 4 22 90 95
27 3 79 91 4 23 96 96
27 3 80 91 4 23 96 96
27 3 81 91 4 23 96 97
27 3 82 90 4 23 97 97
27 3 82 91 4 23 96 97
27 3 83 90 4 23 97 97
27 3 83 91 4 23 96 98
28 3 87 70 4 18 87 87
28 3 87 71 4 18 87 87
28 3 85 73 4 19 88 88
28 3 85 74 4 19 88 88
28 3 85 75 4 19 88 89
28 3 86 70 4 19 87 87
28 3 86 71 4 19 87 87
28 3 86 72 4 19 87 88
28 3 86 73 4 19 87 88
28 3 86 74 4 19 87 89
28 3 86 75 4 19 87 89
28 3 87 67 4 19 86 86
28 3 87 68 4 19 86 86
28 3 87 69 4 19 86 87
28 3 87 70 4 19 86 87
28 3 87 71 4 19 86 88
28 3 87 72 4 19 86 88
28 3 87 73 4 19 86 89
28 3 87 74 4 19 86 89
28 3 87 75 4 19 86 90
28 3 82 79 4 20 90 90
28 3 83 76 4 20 89 89
28 3 83 77 4 20 89 89
28 3 83 78 4 20 89 90
28 3 83 79 4 20 89 90
28 3 84 73 4 20 88 88
28 3 84 74 4 20 88 88
28 3 84 75 4 20 88 89
28 3 84 76 4 20 88 89
28 3 84 77 4 20 88 90
28 3 84 78 4 20 88 90
28 3 84 79 4 20 88 91
28 3 85 70 4 20 87 87
28 3 85 71 4 20 87 87
28 3 85 72 4 20 87 88
28 3 85 73 4 20 87 88
28 3 85 74 4 20 87 89
28 3 85 75 4 20 87 89
28 3 85 76 4 20 87 90
28 3 85 77 4 20 87 90
28 3 85 78 4 20 87 91
28 3 85 79 4 20 87 91
28 3 86 70 4 20 87 87
28 3 86 71 4 20 86 88
28 3 86 72 4 20 86 88
28 3 86 73 4 20 86 89
28 3 86 74 4 20 86 89
28 3 86 75 4 20 86 90
28 3 86 76 4 20 86 90
28 3 86 77 4 20 86 91
28 3 86 78 4 20 86 91
28 3 86 79 4 20 86 92
28 3 87 70 4 20 87 88
28 3 87 71 4 20 86 88
28 3 87 72 4 20 85 89
28 3 87 73 4 20 85 89
28 3 87 74 4 20 85 90
28 3 87 75 4 20 85 90
28 3 87 76 4 20 85 91
28 3 87 77 4 20 85 91
28 3 87 78 4 20 85 92
28 3 87 79 4 20 85 92
28 3 80 82 4 21 91 91
28 3 80 83 4 21 91 91
28 3 81 79 4 21 90 90
28 3 81 80 4 21 90 90
28 3 81 81 4 21 90 91
28 3 81 82 4 21 90 91
28 3 81 83 4 21 90 92
28 3 82 78 4 21 89 90
28 3 82 79 4 21 89 90
28 3 82 80 4 21 89 91
28 3 82 81 4 21 89 91
28 3 82 82 4 21 89 92
28 3 82 83 4 21 89 92
28 3 83 77 4 21 90 90
28 3 83 78 4 21 89 90
28 3 83 79 4 21 88 91
28 3 83 80 4 21 88 91
28 3 83 81 4 21 88 92
28 3 83 82 4 21 88 92
28 3 83 83 4 21 88 93
28 3 84 77 4 21 90 90
28 3 84 78 4 21 89 91
28 3 84 79 4 21 88 91
28 3 84 80 4 21 87 92
28 3 84 81 4 21 87 92
28 3 84 82 4 21 87 93
28 3 84 83 4 21 87 93
28 3 85 77 4 21 90 91
28 3 85 78 4 21 89 91
28 3 85 79 4 21 88 92
28 3 85 80 4 21 87 92
28 3 85 81 4 21 86 93
28 3 85 82 4 21 86 93
28 3 85 83 4 21 86 94
28 3 86 76 4 21 91 91
28 3 86 77 4 21 90 91
28 3 86 78 4 21 89 92
28 3 86 79 4 21 88 92
28 3 86 80 4 21 87 93
28 3 86 81 4 21 86 93
28 3 86 82 4 21 85 94
28 3 86 83 4 21 85 94
28 3 87 76 4 21 91 91
28 3 87 77 4 21 90 92
28 3 87 78 4 21 89 92
28 3 87 79 4 21 88 93
28 3 87 80 4 21 87 93
28 3 87 81 4 21 86 94
28 3 87 82 4 21 85 94
28 3 87 83 4 21 84 95
28 3 78 85 4 22 92 92
28 3 78 86 4 22 92 92
28 3 78 87 4 22 92 93
28 3 79 84 4 22 92 92
28 3 79 85 4 22 91 92
28 3 79 86 4 22 91 93
28 3 79 87 4 22 91 93
28 3 80 84 4 22 92 92
28 3 80 85 4 22 91 93
28 3 80 86 4 22 90 93
28 3 80 87 4 22 90 94
28 3 81 84 4 22 92 93
28 3 81 85 4 22 91 93
28 3 81 86 4 22 90 94
28 3 81 87 4 22 89 94
28 3 82 83 4 22 93 93
28 3 82 84 4 22 92 93
28 3 82 85 4 22 91 94
28 3 82 86 4 22 90 94
28 3 82 87 4 22 89 95
28 3 83 83 4 22 93 93
28 3 83 84 4 22 92 94
28 3 83 85 4 22 91 94
28 3 83 86 4 22 90 95
28 3 83 87 4 22 89 95
28 3 84 83 4 22 93 94
28 3 84 84 4 22 92 94
28 3 84 85 4 22 91 95
28 3 84 86 4 22 90 95
28 3 84 87 4 22 89 96
28 3 85 82 4 22 94 94
28 3 85 83 4 22 93 94
28 3 85 84 4 22 92 95
28 3 85 85 4 22 91 95
28 3 85 86 4 22 90 96
28 3 85 87 4 22 89 96
28 3 86 82 4 22 94 94
28 3 86 83 4 22 93 95
28 3 86 84 4 22 92 95
28 3 86 85 4 22 91 96
28 3 86 86 4 22 90 96
28 3 86 87 4 22 89 97
28 3 87 82 4 22 94 95
28 3 87 83 4 22 93 95
28 3 87 84 4 22 92 96
28 3 87 85 4 22 91 96
28 3 87 86 4 22 90 97
28 3 87 87 4 22 89 97
28 3 77 91 4 23 95 95
28 3 78 91 4 23 95 95
28 3 79 91 4 23 95 96
28 3 80 90 4 23 96 96
28 3 80 91 4 23 95 96
28 3 81 90 4 23 96 96
28 3 81 91 4 23 95 97
28 3 82 90 4 23 96 97
28 3 82 91 4 23 95 97
28 3 83 89 4 23 97 97
28 3 83 90 4 23 96 97
28 3 83 91 4 23 95 98
28 3 84 89 4 23 97 97
28 3 84 90 4 23 96 98
28 3 84 91 4 23 95 98
28 3 85 89 4 23 97 98
28 3 85 90 4 23 96 98
28 3 85 91 4 23 95 99
28 3 86 88 4 23 98 98
28 3 86 89 4 23 97 98
28 3 86 90 4 23 96 99
28 3 86 91 4 23 95 99
28 3 87 88 4 23 98 98
28 3 87 89 4 23 97 99
28 3 87 90 4 23 96 99
28 3 87 91 4 23 95 100
28 3 82 95 4 24 100 100
28 3 83 95 4 24 100 100
28 3 84 95 4 24 100 101
28 3 85 94 4 24 101 101
28 3 85 95 4 24 100 101
28 3 86 94 4 24 101 101
28 3 86 95 4 24 100 102
28 3 87 94 4 24 101 102
28 3 87 95 4 24 100 102
28 3 87 99 4 25 105 105
29 3 89 75 4 19 91 91
29 3 90 72 4 19 90 90
29 3 90 73 4 19 90 90
29 3 90 74 4 19 90 91
29 3 90 75 4 19 90 91
29 3 87 78 4 20 92 92
29 3 87 79 4 20 92 92
29 3 88 75 4 20 91 91
29 3 88 76 4 20 91 91
29 3 88 77 4 20 91 92
29 3 88 78 4 20 91 92
29 3 88 79 4 20 91 93
29 3 89 72 4 20 90 90
29 3 89 73 4 20 90 90
29 3 89 74 4 20 90 91
29 3 89 75 4 20 90 91
29 3 89 76 4 20 90 92
29 3 89 77 4 20 90 92
29 3 89 78 4 20 90 93
29 3 89 79 4 20 90 93
29 3 90 69 4 20 89 89
29 3 90 70 4 20 89 89
29 3 90 71 4 20 89 90
29 3 90 72 4 20 89 90
29 3 90 73 4 20 89 91
29 3 90 74 4 20 89 91
29 3 90 75 4 20 89 92
29 3 90 76 4 20 89 92
29 3 90 77 4 20 89 93
29 3 90 78 4 20 89 93
29 3 90 79 4 20 89 94
29 3 85 81 4 21 93 93
29 3 85 82 4 21 93 93
29 3 85 83 4 21 93 94
29 3 86 78 4 21 92 92
29 3 86 79 4 21 92 92
29 3 86 80 4 21 92 93
29 3 86 81 4 21 92 93
29 3 86 82 4 21 92 94
29 3 86 83 4 21 92 94
29 3 87 75 4 21 91 91
29 3 87 76 4 21 91 91
29 3 87 77 4 21 91 92
29 3 87 78 4 21 91 92
29 3 87 79 4 21 91 93
29 3 87 80 4 21 91 93
29 3 87 81 4 21 91 94
29 3 87 82 4 21 91 94
29 3 87 83 4 21 91 95
29 3 88 75 4 21 91 91
29 3 88 76 4 21 90 92
29 3 88 77 4 21 90 92
29 3 88 78 4 21 90 93
29 3 88 79 4 21 90 93
29 3 88 80 4 21 90 94
29 3 88 81 4 21 90 94
29 3 88 82 4 21 90 95
29 3 88 83 4 21 90 95
29 3 89 75 4 21 91 92
29 3 89 76 4 21 90 92
29 3 89 77 4 21 89 93
29 3 89 78 4 21 89 93
29 3 89 79 4 21 89 94
29 3 89 80 4 21 89 94
29 3 89 81 4 21 89 95
29 3 89 82 4 21 89 95
29 3 89 83 4 21 89 96
29 3 90 74 4 21 92 92
29 3 90 75 4 21 91 92
29 3 90 76 4 21 90 93
29 3 90 77 4 21 89 93
29 3 90 78 4 21 88 94
29 3 90 79 4 21 88 94
29 3 90 80 4 21 88 95
29 3 90 81 4 21 88 95
29 3 90 82 4 21 88 96
29 3 90 83 4 21 88 96
29 3 82 87 4 22 95 95
29 3 83 84 4 22 94 94
29 3 83 85 4 22 94 94
29 3 83 86 4 22 94 95
29 3 83 87 4 22 94 95
29 3 84 82 4 22 93 93
29 3 84 83 4 22 93 94
29 3 84 84 4 22 93 94
29 3 84 85 4 22 93 95
29 3 84 86 4 22 93 95
29 3 84 87 4 22 93 96
29 3 85 82 4 22 93 94
29 3 85 83 4 22 92 94
29 3 85 84 4 22 92 95
29 3 85 85 4 22 92 95
29 3 85 86 4 22 92 96
29 3 85 87 4 22 92 96
29 3 86 81 4 22 94 94
29 3 86 82 4 22 93 94
29 3 86 83 4 22 92 95
29 3 86 84 4 22 91 95
29 3 86 85 4 22 91 96
29 3 86 86 4 22 91 96
29 3 86 87 4 22 91 97
29 3 87 81 4 22 94 94
29 3 87 82 4 22 93 95
29 3 87 83 4 22 92 95
29 3 87 84 4 22 91 96
29 3 87 85 4 22 90 96
29 3 87 86 4 22 90 97
29 3 87 87 4 22 90 97
29 3 88 81 4 22 94 95
29 3 88 82 4 22 93 95
29 3 88 83 4 22 92 96
29 3 88 84 4 22 91 96
29 3 88 85 4 22 90 97
29 3 88 86 4 22 89 97
29 3 88 87 4 22 89 98
29 3 89 80 4 22 95 95
29 3 89 81 4 22 94 95
29 3 89 82 4 22 93 96
29 3 89 83 4 22 92 96
29 3 89 84 4 22 91 97
29 3 89 85 4 22 90 97
29 3 89 86 4 22 89 98
29 3 89 87 4 22 88 98
29 3 90 80 4 22 95 95
29 3 90 81 4 22 94 96
29 3 90 82 4 22 93 96
29 3 90 83 4 22 92 97
29 3 90 84 4 22 91 97
29 3 90 85 4 22 90 98
29 3 90 86 4 22 89 98
29 3 90 87 4 22 88 99
29 3 80 90 4 23 96 96
29 3 80 91 4 23 96 96
29 3 81 89 4 23 96 96
29 3 81 90 4 23 95 96
29 3 81 91 4 23 95 97
29 3 82 89 4 23 96 96
29 3 82 90 4 23 95 97
29 3 82 91 4 23 94 97
29 3 83 89 4 23 96 97
29 3 83 90 4 23 95 97
29 3 83 91 4 23 94 98
29 3 84 88 4 23 97 97
29 3 84 89 4 23 96 97
29 3 84 90 4 23 95 98
29 3 84 91 4 23 94 98
29 3 85 88 4 23 97 97
29 3 85 89 4 23 96 98
29 3 85 90 4 23 95 98
29 3 85 91 4 23 94 99
29 3 86 88 4 23 97 98
29 3 86 89 4 23 96 98
29 3 86 90 4 23 95 99
29 3 86 91 4 23 94 99
29 3 87 87 4 23 98 98
29 3 87 88 4 23 97 98
29 3 87 89 4 23 96 99
29 3 87 90 4 23 95 99
29 3 87 91 4 23 94 100
29 3 88 87 4 23 98 98
29 3 88 88 4 23 97 99
29 3 88 89 4 23 96 99
29 3 88 90 4 23 95 100
29 3 88 91 4 23 94 100
29 3 89 87 4 23 98 99
29 3 89 88 4 23 97 99
29 3 89 89 4 23 96 100
29 3 89 90 4 23 95 100
29 3 89 91 4 23 94 101
29 3 90 86 4 23 99 99
29 3 90 87 4 23 98 99
29 3 90 88 4 23 97 100
29 3 90 89 4 23 96 100
29 3 90 90 4 23 95 101
29 3 90 91 4 23 94 101
29 3 80 95 4 24 99 99
29 3 81 95 4 24 99 99
29 3 82 95 4 24 99 100
29 3 83 94 4 24 100 100
29 3 83 95 4 24 99 100
29 3 84 94 4 24 100 100
29 3 84 95 4 24 99 101
29 3 85 94 4 24 100 101
29 3 85 95 4 24 99 101
29 3 86 93 4 24 101 101
29 3 86 94 4 24 100 101
29 3 86 95 4 24 99 102
29 3 87 93 4 24 101 101
29 3 87 94 4 24 100 102
29 3 87 95 4 24 99 102
29 3 88 93 4 24 101 102
29 3 88 94 4 24 100 102
29 3 88 95 4 24 99 103
29 3 89 92 4 24 102 102
29 3 89 93 4 24 101 102
29 3 89 94 4 24 100 103
29 3 89 95 4 24 99 103
29 3 90 92 4 24 102 102
29 3 90 93 4 24 101 103
29 3 90 94 4 24 100 103
29 3 90 95 4 24 99 104
29 3 85 99 4 25 104 104
29 3 86 99 4 25 104 104
29 3 87 99 4 25 104 105
29 3 88 98 4 25 105 105
29 3 88 99 4 25 104 105
29 3 89 98 4 25 105 105
29 3 89 99 4 25 104 106
29 3 90 98 4 25 105 106
29 3 90 99 4 25 104 106
17 3 52 47 5 10 54 54
18 3 54 52 5 11 58 58
18 3 55 52 5 11 58 58
20 3 61 56 5 12 64 64
20 3 61 57 5 12 64 64
21 3 63 62 5 13 68 68
21 3 64 62 5 13 68 69
22 3 68 60 5 13 70 70
22 3 68 61 5 13 70 70
22 3 68 62 5 13 70 71
22 3 68 67 5 14 74 74
23 3 69 66 5 14 74 74
23 3 69 67 5 14 74 74
23 3 70 66 5 14 74 74
23 3 70 67 5 14 73 75
23 3 71 66 5 14 74 75
23 3 71 67 5 14 73 75
24 3 74 65 5 14 76 76
24 3 74 66 5 14 76 76
24 3 74 67 5 14 76 77
24 3 72 72 5 15 79 79
24 3 73 72 5 15 79 79
24 3 74 72 5 15 79 80
25 3 76 70 5 15 80 80
25 3 76 71 5 15 80 80
25 3 76 72 5 15 80 81
25 3 77 70 5 15 80 80
25 3 77 71 5 15 79 81
25 3 77 72 5 15 79 81
26 3 80 72 5 15 83 83
26 3 78 77 5 16 84 85
26 3 79 76 5 16 85 85
26 3 79 77 5 16 84 85
26 3 80 76 5 16 85 85
26 3 80 77 5 16 84 86
27 3 82 77 5 16 87 87
27 3 83 74 5 16 86 86
27 3 83 75 5 16 86 86
27 3 83 76 5 16 86 87
27 3 83 77 5 16 86 87
27 3 82 82 5 17 90 90
27 3 83 82 5 17 90 90
28 3 87 76 5 16 89 89
28 3 87 77 5 16 89 89
28 3 84 82 5 17 91 91
28 3 85 81 5 17 90 91
28 3 85 82 5 17 90 91
28 3 86 80 5 17 91 91
28 3 86 81 5 17 90 91
28 3 86 82 5 17 89 92
28 3 87 80 5 17 91 91
28 3 87 81 5 17 90 92
28 3 87 82 5 17 89 92
29 3 89 81 5 17 93 93
29 3 89 82 5 17 93 93
29 3 90 78 5 17 92 92
29 3 90 79 5 17 92 92
29 3 90 80 5 17 92 93
29 3 90 81 5 17 92 93
29 3 90 82 5 17 92 94
29 3 86 87 5 18 95 95
29 3 87 87 5 18 95 95
29 3 88 87 5 18 95 96
29 3 89 86 5 18 96 96
29 3 89 87 5 18 95 96
29 3 90 86 5 18 96 96
29 3 90 87 5 18 95 97
14 4 54 55 4 14 61 61
14 4 55 54 4 14 61 61
14 4 55 55 4 14 60 61
15 4 59 59 4 15 65 66
16 4 62 63 4 16 70 70
16 4 63 62 4 16 70 70
16 4 63 63 4 16 69 70
17 4 66 66 4 17 74 74
17 4 66 67 4 17 74 74
17 4 67 66 4 17 74 74
17 4 67 67 4 17 73 75
18 4 70 71 4 18 79 79
18 4 71 70 4 18 79 79
18 4 71 71 4 18 78 79
19 4 74 74 4 19 83 83
19 4 74 75 4 19 83 83
19 4 75 74 4 19 83 83
19 4 75 75 4 19 82 84
20 4 78 78 4 20 87 87
20 4 78 79 4 20 87 88
20 4 79 78 4 20 87 88
20 4 79 79 4 20 86 88
21 4 82 82 4 21 92 92
21 4 82 83 4 21 92 92
21 4 83 82 4 21 92 92
21 4 83 83 4 21 91 93
22 4 86 86 4 22 96 96
22 4 86 87 4 22 96 97
22 4 87 86 4 22 96 97
22 4 87 87 4 22 95 97
23 4 90 90 4 23 101 101
23 4 90 91 4 23 101 101
23 4 91 90 4 23 101 101
23 4 91 91 4 23 100 102
24 4 94 94 4 24 105 105
24 4 94 95 4 24 105 106
24 4 95 94 4 24 105 106
24 4 95 95 4 24 104 106
25 4 97 99 4 25 110 110
25 4 98 98 4 25 109 110
25 4 98 99 4 25 109 110
25 4 99 97 4 25 110 110
25 4 99 98 4 25 109 110
25 4 99 99 4 25 108 111
26 4 102 102 4 26 114 114
26 4 102 103 4 26 114 115
26 4 103 102 4 26 114 115
26 4 103 103 4 26 113 115
27 4 105 107 4 27 119 119
27 4 106 106 4 27 118 119
27 4 106 107 4 27 118 119
27 4 107 105 4 27 119 119
27 4 107 106 4 27 118 119
27 4 107 107 4 27 117 120
27 4 107 111 4 28 122 122
28 4 111 107 4 27 122 122
28 4 109 110 4 28 123 123
28 4 109 111 4 28 123 123
28 4 110 109 4 28 123 123
28 4 110 110 4 28 122 123
28 4 110 111 4 28 122 124
28 4 111 109 4 28 123 123
28 4 111 110 4 28 122 124
28 4 111 111 4 28 121 124
28 4 109 116 4 29 126 126
28 4 110 116 4 29 126 126
28 4 111 116 4 29 126 127
29 4 116 109 4 28 126 126
29 4 116 110 4 28 126 126
29 4 116 111 4 28 126 127
29 4 113 115 4 29 128 128
29 4 113 116 4 29 128 128
29 4 114 114 4 29 127 128
29 4 114 115 4 29 127 128
29 4 114 116 4 29 127 129
29 4 115 113 4 29 128 128
29 4 115 114 4 29 127 128
29 4 115 115 4 29 126 129
29 4 115 116 4 29 126 129
29 4 116 113 4 29 128 128
29 4 116 114 4 29 127 129
29 4 116 115 4 29 126 129
29 4 116 116 4 29 125 130
29 4 112 120 4 30 130 130
29 4 113 120 4 30 130 130
29 4 114 120 4 30 130 131
29 4 115 119 4 30 131 131
29 4 115 120 4 30 130 131
29 4 116 119 4 30 131 131
29 4 116 120 4 30 130 132
30 4 119 115 4 29 131 131
30 4 119 116 4 29 131 131
30 4 120 112 4 29 130 130
30 4 120 113 4 29 130 130
30 4 120 114 4 29 130 131
30 4 120 115 4 29 130 131
30 4 120 116 4 29 130 132
30 4 117 118 4 30 132 132
30 4 117 119 4 30 132 132
30 4 117 120 4 30 132 133
30 4 118 117 4 30 132 132
30 4 118 118 4 30 131 132
30 4 118 119 4 30 131 133
30 4 118 120 4 30 131 133
30 4 119 117 4 30 132 132
30 4 119 118 4 30 131 133
30 4 119 119 4 30 130 133
30 4 119 120 4 30 130 134
30 4 120 117 4 30 132 133
30 4 120 118 4 30 131 133
30 4 120 119 4 30 130 134
30 4 120 120 4 30 129 134
30 4 117 124 4 31 135 135
30 4 118 124 4 31 135 135
30 4 119 124 4 31 135 136
30 4 120 123 4 31 136 136
30 4 120 124 4 31 135 136
31 4 123 120 4 30 136 136
31 4 124 117 4 30 135 135
31 4 124 118 4 30 135 135
31 4 124 119 4 30 135 136
31 4 124 120 4 30 135 136
31 4 121 123 4 31 137 137
31 4 121 124 4 31 137 137
31 4 122 122 4 31 136 137
31 4 122 123 4 31 136 137
31 4 122 124 4 31 136 138
31 4 123 121 4 31 137 137
31 4 123 122 4 31 136 137
31 4 123 123 4 31 135 138
31 4 123 124 4 31 135 138
31 4 124 121 4 31 137 137
31 4 124 122 4 31 136 138
31 4 124 123 4 31 135 138
31 4 124 124 4 31 134 139
31 4 120 128 4 32 139 139
31 4 121 128 4 32 139 139
31 4 122 128 4 32 139 140
31 4 123 127 4 32 140 140
31 4 123 128 4 32 139 140
31 4 124 127 4 32 140 140
31 4 124 128 4 32 139 141
32 4 127 123 4 31 140 140
32 4 127 124 4 31 140 140
32 4 128 120 4 31 139 139
32 4 128 121 4 31 139 139
32 4 128 122 4 31 139 140
32 4 128 123 4 31 139 140
32 4 128 124 4 31 139 141
32 4 125 126 4 32 141 141
32 4 125 127 4 32 141 141
32 4 125 128 4 32 141 142
32 4 126 125 4 32 141 141
32 4 126 126 4 32 140 141
32 4 126 127 4 32 140 142
32 4 126 128 4 32 140 142
32 4 127 125 4 32 141 141
32 4 127 126 4 32 140 142
32 4 127 127 4 32 139 142
32 4 127 128 4 32 139 143
32 4 128 125 4 32 141 142
32 4 128 126 4 32 140 142
32 4 128 127 4 32 139 143
32 4 128 128 4 32 138 143
32 4 123 132 4 33 143 143
32 4 124 132 4 33 143 143
32 4 125 132 4 33 143 144
32 4 126 131 4 33 144 144
32 4 126 132 4 33 143 144
32 4 127 131 4 33 144 144
32 4 127 132 4 33 143 145
32 4 128 131 4 33 144 145
32 4 128 132 4 33 143 145
33 4 131 126 4 32 144 144
33 4 131 127 4 32 144 144
33 4 131 128 4 32 144 145
33 4 132 123 4 32 143 143
33 4 132 124 4 32 143 143
33 4 132 125 4 32 143 144
33 4 132 126 4 32 143 144
33 4 132 127 4 32 143 145
33 4 132 128 4 32 143 145
33 4 128 132 4 33 146 146
33 4 129 129 4 33 145 145
33 4 129 130 4 33 145 145
33 4 129 131 4 33 145 146
33 4 129 132 4 33 145 146
33 4 130 129 4 33 145 145
33 4 130 130 4 33 144 146
33 4 130 131 4 33 144 146
33 4 130 132 4 33 144 147
33 4 131 129 4 33 145 146
33 4 131 130 4 33 144 146
33 4 131 131 4 33 143 147
33 4 131 132 4 33 143 147
33 4 132 128 4 33 146 146
33 4 132 129 4 33 145 146
33 4 132 130 4 33 144 147
33 4 132 131 4 33 143 147
33 4 132 132 4 33 142 148
33 4 128 136 4 34 148 148
33 4 129 136 4 34 148 148
33 4 130 136 4 34 148 149
33 4 131 135 4 34 149 149
33 4 131 136 4 34 148 149
33 4 132 135 4 34 149 149
33 4 132 136 4 34 148 150
34 4 135 131 4 33 149 149
34 4 135 132 4 33 149 149
34 4 136 128 4 33 148 148
34 4 136 129 4 33 148 148
34 4 136 130 4 33 148 149
34 4 136 131 4 33 148 149
34 4 136 132 4 33 148 150
34 4 133 134 4 34 150 150
34 4 133 135 4 34 150 150
34 4 133 136 4 34 150 151
34 4 134 133 4 34 150 150
34 4 134 134 4 34 149 150
34 4 134 135 4 34 149 151
34 4 134 136 4 34 149 151
34 4 135 133 4 34 150 150
34 4 135 134 4 34 149 151
34 4 135 135 4 34 148 151
34 4 135 136 4 34 148 152
34 4 136 133 4 34 150 151
34 4 136 134 4 34 149 151
34 4 136 135 4 34 148 152
34 4 136 136 4 34 147 152
34 4 131 140 4 35 152 152
34 4 132 140 4 35 152 152
34 4 133 140 4 35 152 153
34 4 134 139 4 35 153 153
34 4 134 140 4 35 152 153
34 4 135 139 4 35 153 153
34 4 135 140 4 35 152 154
34 4 136 139 4 35 153 154
34 4 136 140 4 35 152 154
35 4 139 134 4 34 153 153
35 4 139 135 4 34 153 153
35 4 139 136 4 34 153 154
35 4 140 131 4 34 152 152
35 4 140 132 4 34 152 152
35 4 140 133 4 34 152 153
35 4 140 134 4 34 152 153
35 4 140 135 4 34 152 154
35 4 140 136 4 34 152 154
35 4 136 140 4 35 155 155
35 4 137 137 4 35 154 154
35 4 137 138 4 35 154 154
35 4 137 139 4 35 154 155
35 4 137 140 4 35 154 155
35 4 138 137 4 35 154 154
35 4 138 138 4 35 153 155
35 4 138 139 4 35 153 155
35 4 138 140 4 35 153 156
35 4 139 137 4 35 154 155
35 4 139 138 4 35 153 155
35 4 139 139 4 35 152 156
35 4 139 140 4 35 152 156
35 4 140 136 4 35 155 155
35 4 140 137 4 35 154 155
35 4 140 138 4 35 153 156
35 4 140 139 4 35 152 156
35 4 140 140 4 35 151 157
35 4 134 144 4 36 156 156
35 4 135 144 4 36 156 156
35 4 136 144 4 36 156 157
35 4 137 143 4 36 157 157
35 4 137 144 4 36 156 157
35 4 138 143 4 36 157 157
35 4 138 144 4 36 156 158
35 4 139 143 4 36 157 158
35 4 139 144 4 36 156 158
35 4 140 142 4 36 158 158
35 4 140 143 4 36 157 158
35 4 140 144 4 36 156 159
36 4 142 140 4 35 158 158
36 4 143 137 4 35 157 157
36 4 143 138 4 35 157 157
36 4 143 139 4 35 157 158
36 4 143 140 4 35 157 158
36 4 144 134 4 35 156 156
36 4 144 135 4 35 156 156
36 4 144 136 4 35 156 157
36 4 144 137 4 35 156 157
36 4 144 138 4 35 156 158
36 4 144 139 4 35 156 158
36 4 144 140 4 35 156 159
36 4 140 143 4 36 159 159
36 4 140 144 4 36 159 159
36 4 141 141 4 36 158 158
36 4 141 142 4 36 158 159
36 4 141 143 4 36 158 159
36 4 141 144 4 36 158 160
36 4 142 141 4 36 158 159
36 4 142 142 4 36 157 159
36 4 142 143 4 36 157 160
36 4 142 144 4 36 157 160
36 4 143 140 4 36 159 159
36 4 143 141 4 36 158 159
36 4 143 142 4 36 157 160
36 4 143 143 4 36 156 160
36 4 143 144 4 36 156 161
36 4 144 140 4 36 159 159
36 4 144 141 4 36 158 160
36 4 144 142 4 36 157 160
36 4 144 143 4 36 156 161
36 4 144 144 4 36 155 161
36 4 139 148 4 37 161 161
36 4 140 148 4 37 161 161
36 4 141 148 4 37 161 162
36 4 142 147 4 37 162 162
36 4 142 148 4 37 161 162
36 4 143 147 4 37 162 162
36 4 143 148 4 37 161 163
36 4 144 147 4 37 162 163
36 4 144 148 4 37 161 163
37 4 147 142 4 36 162 162
37 4 147 143 4 36 162 162
37 4 147 144 4 36 162 163
37 4 148 139 4 36 161 161
37 4 148 140 4 36 161 161
37 4 148 141 4 36 161 162
37 4 148 142 4 36 161 162
37 4 148 143 4 36 161 163
37 4 148 144 4 36 161 163
37 4 144 148 4 37 164 164
37 4 145 145 4 37 163 163
37 4 145 146 4 37 163 163
37 4 145 147 4 37 163 164
37 4 145 148 4 37 163 164
37 4 146 145 4 37 163 163
37 4 146 146 4 37 162 164
37 4 146 147 4 37 162 164
37 4 146 148 4 37 162 165
37 4 147 145 4 37 163 164
37 4 147 146 4 37 162 164
37 4 147 147 4 37 161 165
37 4 147 148 4 37 161 165
37 4 148 144 4 37 164 164
37 4 148 145 4 37 163 164
37 4 148 146 4 37 162 165
37 4 148 147 4 37 161 165
37 4 148 148 4 37 160 166
37 4 142 152 4 38 165 165
37 4 143 152 4 38 165 165
37 4 144 152 4 38 165 166
37 4 145 151 4 38 166 166
37 4 145 152 4 38 165 166
37 4 146 151 4 38 166 166
37 4 146 152 4 38 165 167
37 4 147 151 4 38 166 167
37 4 147 152 4 38 165 167
37 4 148 150 4 38 167 167
37 4 148 151 4 38 166 167
37 4 148 152 4 38 165 168
38 4 150 148 4 37 167 167
38 4 151 145 4 37 166 166
38 4 151 146 4 37 166 166
38 4 151 147 4 37 166 167
38 4 151 148 4 37 166 167
38 4 152 142 4 37 165 165
38 4 152 143 4 37 165 165
38 4 152 144 4 37 165 166
38 4 152 145 4 37 165 166
38 4 152 146 4 37 165 167
38 4 152 147 4 37 165 167
38 4 152 148 4 37 165 168
38 4 148 151 4 38 168 168
38 4 148 152 4 38 168 168
38 4 149 149 4 38 167 167
38 4 149 150 4 38 167 168
38 4 149 151 4 38 167 168
38 4 149 152 4 38 167 169
38 4 150 149 4 38 167 168
38 4 150 150 4 38 166 168
38 4 150 151 4 38 166 169
38 4 150 152 4 38 166 169
38 4 151 148 4 38 168 168
38 4 151 149 4 38 167 168
38 4 151 150 4 38 166 169
38 4 151 151 4 38 165 169
38 4 151 152 4 38 165 170
38 4 152 148 4 38 168 168
38 4 152 149 4 38 167 169
38 4 152 150 4 38 166 169
38 4 152 151 4 38 165 170
38 4 152 152 4 38 164 170
38 4 147 156 4 39 170 170
38 4 148 156 4 39 170 170
38 4 149 156 4 39 170 171
38 4 150 155 4 39 171 171
38 4 150 156 4 39 170 171
38 4 151 155 4 39 171 171
38 4 151 156 4 39 170 172
38 4 152 155 4 39 171 172
38 4 152 156 4 39 170 172
39 4 155 150 4 38 171 171
39 4 155 151 4 38 171 171
39 4 155 152 4 38 171 172
39 4 156 147 4 38 170 170
39 4 156 148 4 38 170 170
39 4 156 149 4 38 170 171
39 4 156 150 4 38 170 171
39 4 156 151 4 38 170 172
39 4 156 152 4 38 170 172
39 4 152 156 4 39 173 173
39 4 153 153 4 39 172 172
39 4 153 154 4 39 172 172
39 4 153 155 4 39 172 173
39 4 153 156 4 39 172 173
39 4 154 153 4 39 172 172
39 4 154 154 4 39 171 173
39 4 154 155 4 39 171 173
39 4 154 156 4 39 171 174
39 4 155 153 4 39 172 173
39 4 155 154 4 39 171 173
39 4 155 155 4 39 170 174
39 4 155 156 4 39 170 174
39 4 156 152 4 39 173 173
39 4 156 153 4 39 172 173
39 4 156 154 4 39 171 174
39 4 156 155 4 39 170 174
39 4 156 156 4 39 169 175
39 4 150 160 4 40 174 174
39 4 151 160 4 40 174 174
39 4 152 160 4 40 174 175
39 4 153 159 4 40 175 175
39 4 153 160 4 40 174 175
39 4 154 159 4 40 175 175
39 4 154 160 4 40 174 176
39 4 155 159 4 40 175 176
39 4 155 160 4 40 174 176
39 4 156 158 4 40 176 176
39 4 156 159 4 40 175 176
39 4 156 160 4 40 174 177
39 4 156 164 4 41 179 179
40 4 158 156 4 39 176 176
40 4 159 153 4 39 175 175
40 4 159 154 4 39 175 175
40 4 159 155 4 39 175 176
40 4 159 156 4 39 175 176
40 4 160 150 4 39 174 174
40 4 160 151 4 39 174 174
40 4 160 152 4 39 174 175
40 4 160 153 4 39 174 175
40 4 160 154 4 39 174 176
40 4 160 155 4 39 174 176
40 4 160 156 4 39 174 177
40 4 156 159 4 40 177 177
40 4 156 160 4 40 177 177
40 4 157 157 4 40 176 176
40 4 157 158 4 40 176 177
40 4 157 159 4 40 176 177
40 4 157 160 4 40 176 178
40 4 158 157 4 40 176 177
40 4 158 158 4 40 175 177
40 4 158 159 4 40 175 178
40 4 158 160 4 40 175 178
40 4 159 156 4 40 177 177
40 4 159 157 4 40 176 177
40 4 159 158 4 40 175 178
40 4 159 159 4 40 174 178
40 4 159 160 4 40 174 179
40 4 160 156 4 40 177 177
40 4 160 157 4 40 176 178
40 4 160 158 4 40 175 178
40 4 160 159 4 40 174 179
40 4 160 160 4 40 173 179
40 4 154 164 4 41 178 178
40 4 155 164 4 41 178 179
40 4 156 163 4 41 179 179
40 4 156 164 4 41 178 179
40 4 157 163 4 41 179 179
40 4 157 164 4 41 178 180
40 4 158 163 4 41 179 180
40 4 158 164 4 41 178 180
40 4 159 162 4 41 180 180
40 4 159 163 4 41 179 180
40 4 159 164 4 41 178 181
40 4 160 162 4 41 180 180
40 4 160 163 4 41 179 181
40 4 160 164 4 41 178 181
41 4 164 156 4 39 179 179
41 4 162 159 4 40 180 180
41 4 162 160 4 40 180 180
41 4 163 156 4 40 179 179
41 4 163 157 4 40 179 179
41 4 163 158 4 40 179 180
41 4 163 159 4 40 179 180
41 4 163 160 4 40 179 181
41 4 164 154 4 40 178 178
41 4 164 155 4 40 178 179
41 4 164 156 4 40 178 179
41 4 164 157 4 40 178 180
41 4 164 158 4 40 178 180
41 4 164 159 4 40 178 181
41 4 164 160 4 40 178 181
41 4 160 162 4 41 181 181
41 4 160 163 4 41 181 181
41 4 160 164 4 41 181 182
41 4 161 161 4 41 180 181
41 4 161 162 4 41 180 181
41 4 161 163 4 41 180 182
41 4 161 164 4 41 180 182
41 4 162 160 4 41 181 181
41 4 162 161 4 41 180 181
41 4 162 162 4 41 179 182
41 4 162 163 4 41 179 182
41 4 162 164 4 41 179 183
41 4 163 160 4 41 181 181
41 4 163 161 4 41 180 182
41 4 163 162 4 41 179 182
41 4 163 163 4 41 178 183
41 4 163 164 4 41 178 183
41 4 164 160 4 41 181 182
41 4 164 161 4 41 180 182
41 4 164 162 4 41 179 183
41 4 164 163 4 41 178 183
41 4 164 164 4 41 177 184
41 4 158 168 4 42 183 183
41 4 159 168 4 42 183 183
41 4 160 168 4 42 183 184
41 4 161 167 4 42 184 184
41 4 161 168 4 42 183 184
41 4 162 167 4 42 184 184
41 4 162 168 4 42 183 185
41 4 163 167 4 42 184 185
41 4 163 168 4 42 183 185
41 4 164 166 4 42 185 185
41 4 164 167 4 42 184 185
41 4 164 168 4 42 183 186
41 4 164 172 4 43 188 188
42 4 166 164 4 41 185 185
42 4 167 161 4 41 184 184
42 4 167 162 4 41 184 184
42 4 167 163 4 41 184 185
42 4 167 164 4 41 184 185
42 4 168 158 4 41 183 183
42 4 168 159 4 41 183 183
42 4 168 160 4 41 183 184
42 4 168 161 4 41 183 184
42 4 168 162 4 41 183 185
42 4 168 163 4 41 183 185
42 4 168 164 4 41 183 186
42 4 164 167 4 42 186 186
42 4 164 168 4 42 186 186
42 4 165 165 4 42 185 185
42 4 165 166 4 42 185 186
42 4 165 167 4 42 185 186
42 4 165 168 4 42 185 187
42 4 166 165 4 42 185 186
42 4 166 166 4 42 184 186
42 4 166 167 4 42 184 187
42 4 166 168 4 42 184 187
42 4 167 164 4 42 186 186
42 4 167 165 4 42 185 186
42 4 167 166 4 42 184 187
42 4 167 167 4 42 183 187
42 4 167 168 4 42 183 188
42 4 168 164 4 42 186 186
42 4 168 165 4 42 185 187
42 4 168 166 4 42 184 187
42 4 168 167 4 42 183 188
42 4 168 168 4 42 182 188
42 4 162 172 4 43 187 187
42 4 163 172 4 43 187 188
42 4 164 171 4 43 188 188
42 4 164 172 4 43 187 188
42 4 165 171 4 43 188 188
42 4 165 172 4 43 187 189
42 4 166 171 4 43 188 189
42 4 166 172 4 43 187 189
42 4 167 170 4 43 189 189
42 4 167 171 4 43 188 189
42 4 167 172 4 43 187 190
42 4 168 170 4 43 189 189
42 4 168 171 4 43 188 190
42 4 168 172 4 43 187 190
43 4 172 164 4 41 188 188
43 4 170 167 4 42 189 189
43 4 170 168 4 42 189 189
43 4 171 164 4 42 188 188
43 4 171 165 4 42 188 188
43 4 171 166 4 42 188 189
43 4 171 167 4 42 188 189
43 4 171 168 4 42 188 190
43 4 172 162 4 42 187 187
43 4 172 163 4 42 187 188
43 4 172 164 4 42 187 188
43 4 172 165 4 42 187 189
43 4 172 166 4 42 187 189
43 4 172 167 4 42 187 190
43 4 172 168 4 42 187 190
43 4 168 170 4 43 190 190
43 4 168 171 4 43 190 190
43 4 168 172 4 43 190 191
43 4 169 169 4 43 189 190
43 4 169 170 4 43 189 190
43 4 169 171 4 43 189 191
43 4 169 172 4 43 189 191
43 4 170 168 4 43 190 190
43 4 170 169 4 43 189 190
43 4 170 170 4 43 188 191
43 4 170 171 4 43 188 191
43 4 170 172 4 43 188 192
43 4 171 168 4 43 190 190
43 4 171 169 4 43 189 191
43 4 171 170 4 43 188 191
43 4 171 171 4 43 187 192
43 4 171 172 4 43 187 192
43 4 172 168 4 43 190 191
43 4 172 169 4 43 189 191
43 4 172 170 4 43 188 192
43 4 172 171 4 43 187 192
43 4 172 172 4 43 186 193
